1640487776040536000 776149454.436448 23766.016158 23767 12 0.000000
1640487777257044000 304572600.101080 24894.127065 30283 14 0.000000
1640487778532434000 287717879.073072 25135.800658 32057 14 0.000000
1640487779822978000 0.406180 24301.345273 31361 14 0.000000
1640487781103994000 283612805.556568 25387.642073 32521 17 0.000000
1640487782390784000 2751055489.639521 23449.751584 30174 24 0.000000
1640487783643689000 0.393617 25076.862323 31418 25 0.000000
1640487784899981000 288446711.573122 25453.451029 31976 27 0.000000
1640487786200043000 839735246.984970 25346.481034 32951 28 0.000000
1640487787481533000 298230415.155401 24134.353015 30927 29 0.000000
1640487788744372000 0.400332 24645.201824 31122 29 0.000000
1640487790029292000 0.416209 23722.028280 30480 29 0.000000
1640487791284423000 0.403716 24461.124382 30701 29 0.000000
1640487792558949000 0.402492 24500.042213 31225 31 0.000000
1640487793820851000 572364767.326422 25540.789769 32229 31 0.000000
1640487795081798000 324629454.079790 22532.956833 28412 33 0.000000
1640487795424633000 1099329206.226948 24473.082073 8390 33 0.000000
